[IamComing_corr1.jpg]
filters=finetune2=1,0.339181,0.000000,0.000000,00000000,0.000000;
moddate=0a30aa06861bce01
width=3648
height=2736
textactive=0
[TheGreatLake.JPG]
filters=autolight=1;autocolor=1;finetune2=1,0.157895,0.058947,0.000000,00000000,0.000000;
moddate=6add9c4c861bce01
width=3648
height=2736
textactive=0
