[GoodAquaticCenter2.JPG]
filters=tilt=1,-0.083040,0.000000;
moddate=4a27348161edcf01
width=2566
height=1806
textactive=0
[HardWork.JPG]
filters=unsharp2=1,0.600000;
moddate=7a8377f162edcf01
width=956
height=569
textactive=0
